UNITS MM,1000;
EDIT proj;
ADD P25 :W0.000000  18.078,-23.310 18.077,-23.294 18.075,-23.277 18.072,-23.261 18.067,-23.246 18.060,-23.231 18.053,-23.216 18.044,-23.202 18.034,-23.189 18.023,-23.177 18.011,-23.166 17.998,-23.156 17.984,-23.147 17.969,-23.140 17.954,-23.133 17.939,-23.128 17.923,-23.125 17.906,-23.123 17.890,-23.122 17.874,-23.123 17.857,-23.125 17.841,-23.128 17.826,-23.133 17.811,-23.140 17.796,-23.147 17.782,-23.156 17.769,-23.166 17.757,-23.177 17.746,-23.189 17.736,-23.202 17.727,-23.216 17.720,-23.231 17.713,-23.246 17.708,-23.261 17.705,-23.277 17.703,-23.294 17.702,-23.310 17.703,-23.326 17.705,-23.343 17.708,-23.359 17.713,-23.374 17.720,-23.389 17.727,-23.404 17.736,-23.418 17.746,-23.431 17.757,-23.443 17.769,-23.454 17.782,-23.464 17.796,-23.473 17.811,-23.480 17.826,-23.487 17.841,-23.492 17.857,-23.495 17.874,-23.497 17.890,-23.498 17.906,-23.497 17.923,-23.495 17.939,-23.492 17.954,-23.487 17.969,-23.480 17.984,-23.473 17.998,-23.464 18.011,-23.454 18.023,-23.443 18.034,-23.431 18.044,-23.418 18.053,-23.404 18.060,-23.389 18.067,-23.374 18.072,-23.359 18.075,-23.343 18.077,-23.326 18.078,-23.310;
ADD P1 :W0.000000  17.890,-23.622 18.203,-23.622 18.203,-22.997 17.890,-22.997;
ADD P1 :W0.000000  18.078,-23.310 18.077,-23.294 18.075,-23.277 18.072,-23.261 18.067,-23.246 18.060,-23.231 18.053,-23.216 18.044,-23.202 18.034,-23.189 18.023,-23.177 18.011,-23.166 17.998,-23.156 17.984,-23.147 17.969,-23.140 17.954,-23.133 17.939,-23.128 17.923,-23.125 17.906,-23.123 17.890,-23.122 17.874,-23.123 17.857,-23.125 17.841,-23.128 17.826,-23.133 17.811,-23.140 17.796,-23.147 17.782,-23.156 17.769,-23.166 17.757,-23.177 17.746,-23.189 17.736,-23.202 17.727,-23.216 17.720,-23.231 17.713,-23.246 17.708,-23.261 17.705,-23.277 17.703,-23.294 17.702,-23.310 17.703,-23.326 17.705,-23.343 17.708,-23.359 17.713,-23.374 17.720,-23.389 17.727,-23.404 17.736,-23.418 17.746,-23.431 17.757,-23.443 17.769,-23.454 17.782,-23.464 17.796,-23.473 17.811,-23.480 17.826,-23.487 17.841,-23.492 17.857,-23.495 17.874,-23.497 17.890,-23.498 17.906,-23.497 17.923,-23.495 17.939,-23.492 17.954,-23.487 17.969,-23.480 17.984,-23.473 17.998,-23.464 18.011,-23.454 18.023,-23.443 18.034,-23.431 18.044,-23.418 18.053,-23.404 18.060,-23.389 18.067,-23.374 18.072,-23.359 18.075,-23.343 18.077,-23.326 18.078,-23.310;
ADD P2 :W0.000000  17.578,-23.622 17.890,-23.622 17.890,-22.997 17.578,-22.997;
ADD P2 :W0.000000  18.015,-23.310 18.015,-23.299 18.013,-23.288 18.011,-23.278 18.007,-23.267 18.003,-23.257 17.998,-23.248 17.992,-23.238 17.986,-23.230 17.978,-23.222 17.970,-23.214 17.962,-23.208 17.953,-23.202 17.943,-23.197 17.933,-23.193 17.922,-23.189 17.912,-23.187 17.901,-23.185 17.890,-23.185 17.879,-23.185 17.868,-23.187 17.858,-23.189 17.847,-23.193 17.837,-23.197 17.827,-23.202 17.818,-23.208 17.810,-23.214 17.802,-23.222 17.794,-23.230 17.788,-23.238 17.782,-23.247 17.777,-23.257 17.773,-23.267 17.769,-23.278 17.767,-23.288 17.765,-23.299 17.765,-23.310 17.765,-23.321 17.767,-23.332 17.769,-23.342 17.773,-23.353 17.777,-23.363 17.782,-23.372 17.788,-23.382 17.794,-23.390 17.802,-23.398 17.810,-23.406 17.818,-23.412 17.827,-23.418 17.837,-23.423 17.847,-23.427 17.858,-23.431 17.868,-23.433 17.879,-23.435 17.890,-23.435 17.901,-23.435 17.912,-23.433 17.922,-23.431 17.933,-23.427 17.943,-23.423 17.952,-23.418 17.962,-23.412 17.970,-23.406 17.978,-23.398 17.986,-23.390 17.992,-23.382 17.998,-23.373 18.003,-23.363 18.007,-23.353 18.011,-23.342 18.013,-23.332 18.015,-23.321 18.015,-23.310;
ADD P1 :W0.000000  -3.400,6.000 42.600,6.000 42.600,8.000 -3.400,8.000;
ADD P1 :W0.000000  -3.400,-1.000 42.600,-1.000 42.600,1.000 -3.400,1.000;
ADD P1 :W0.000000  40.600,1.000 42.600,1.000 42.600,6.000 40.600,6.000;
ADD P1 :W0.000000  -3.400,-6.000 -1.400,-6.000 -1.400,-1.000 -3.400,-1.000;
ADD P1 :W0.000000  40.600,-13.000 42.600,-13.000 42.600,-8.000 40.600,-8.000;
ADD P1 :W0.000000  -3.400,-8.000 42.600,-8.000 42.600,-6.000 -3.400,-6.000;
ADD P1 :W0.000000  20.000,-15.000 42.600,-15.000 42.600,-13.000 20.000,-13.000;
ADD P1 :W0.000000  18.000,-22.000 20.000,-22.000 20.000,-13.000 18.000,-13.000;
ADD P2 :W0.000000  0.000,-79.000 38.000,-79.000 38.000,-23.000 0.000,-23.000;
ADD P1 :W0.000000  18.835,-23.800 19.160,-23.800 19.160,-22.000 18.835,-22.000;
SAVE;
